10.056414629745356,3.1097055667155575,32.01262272089762,0.0
9.989097349398103,3.126092346717554,31.802220070345374,0.4396914446002806
9.930731727286743,3.1356389635724597,31.573741425973004,0.45231416549789627
9.87322205769374,3.140210872950155,31.343920521782962,0.4950911640953718
9.81293835395731,3.1399382243206535,31.113924986851334,0.5259467040673212
9.752240059062293,3.134334464636447,30.884634823150424,0.561711079943899
9.69030986658721,3.1259415797028596,30.656341081916203,0.5792426367461432
9.631605085424198,3.1113224784044635,30.428766408441447,0.593969144460028
9.57587522219491,3.0928216412697593,30.201239672817323,0.5687237026647968
9.538378000488589,3.078704444814971,29.972990445301544,0.6122019635343618
9.508665074805059,3.0675092506663404,29.74327911334152,0.6072931276297336
9.493689540554348,3.058501951986554,29.5118899566094,0.5694249649368864
9.497116618685254,3.058228237282424,29.278480561886397,0.6122019635343618
9.519970506000684,3.056238692504728,29.043383069994743,0.5827489481065918
9.56106953424131,3.0480328680195687,28.809439510650424,0.5729312762973352
9.615596050006756,3.032958938531421,28.58028117603875,0.612201963534362
9.680213019039355,3.005308051061537,28.35672472168654,0.6107994389901825
9.748594453333194,2.965629897166504,28.136820104312765,0.6164095371669005
9.814947801006824,2.918275588375677,27.918689187412344,0.6500701262272089
9.887116993723742,2.8551688564101716,27.703516720722302,0.6100981767180926
9.951063906810242,2.7854435801218744,27.493863955119217,0.6521739130434783
10.007875364748106,2.712867127339865,27.290410580842394,0.694249649368864
10.066495101069151,2.646184252395138,27.084810275683733,0.67671809256662
10.116849342067276,2.598891303269927,26.881130908682508,0.7040673211781209
10.174853327034306,2.564925383737047,26.65689818822318,0.6115007012622723
10.233038374807762,2.5526488360349644,26.42851884368426,0.5785413744740534
10.284613824498779,2.5495004650424256,26.20087739963184,0.6143057503506313
10.33775796454929,2.5511378122878847,25.973348951941624,0.6150070126227208
10.389858875943528,2.553251830826492,25.74522299318461,0.6136044880785413
10.444642361726682,2.5507599518539754,25.51694637261133,0.5715287517531558
10.492276350602909,2.5453466862592085,25.288996756661994,0.6051893408134642
10.53528822066365,2.537166558219149,25.060538657082752,0.6044880785413744
10.572363241515065,2.5241273342137873,24.831849428580824,0.6072931276297334
10.600593846446383,2.5100618789505793,24.602547280417255,0.5715287517531558
10.615054397196701,2.496040427943106,24.37172139343005,0.6115007012622721
10.627340587403301,2.4863687840786644,24.13871775837132,0.5729312762973352
10.635604353512779,2.482599408058259,23.90410478118426,0.5757363253856943
10.643651660247983,2.470148153851362,23.668793281030858,0.6107994389901823
10.660145020293577,2.4440311211820127,23.43349205327402,0.5680224403927068
10.677865247152697,2.407238464641144,23.198439075100808,0.5771388499298739
10.691232244056687,2.3643689107839667,22.969256771563817,0.6079943899018233
10.700413276188494,2.3139774129350252,22.744452221029103,0.6100981767180926
10.70493684707141,2.262359094096974,22.5201852592479,0.6072931276297335
10.701388747925622,2.2085153541228766,22.29542179829944,0.6079943899018233
10.702964491408434,2.1568898571049027,22.067489303011047,0.5687237026647968
10.700247749863122,2.1223939079935614,21.83416379952665,0.6143057503506312
10.698615758879392,2.0944876842062548,21.599958294069953,0.570827489481066
10.694628796527319,2.07901406820387,21.36510391556364,0.5687237026647967
10.68686084341959,2.079814605197101,21.12992082036729,0.6065918653576439
10.679925402274332,2.0917455448721705,20.894427841207925,0.5764375876577841
10.675142667215333,2.1090556258459268,20.658806457091515,0.5771388499298739
10.669545782303317,2.129307767354704,20.42318507297511,0.5715287517531558
10.665232905370019,2.1558143834970096,20.1875636888587,0.5715287517531558
10.659741434348717,2.1813328294277423,19.951944016808383,0.6115007012622722
10.656797131371764,2.211386056667467,19.716319208559785,0.5862552594670407
10.65547651011934,2.241773858284635,19.480732065765256,0.5841514726507714
10.653364812670294,2.2666777634326247,19.245389748422163,0.5806451612903225
10.657481452836292,2.2935463845302673,19.010206653225808,0.5876577840112203
10.663423404087803,2.3178531105454945,18.7750954648054,0.6115007012622722
10.67066390936112,2.345720721981705,18.540028790103438,0.5764375876577841
10.680802455686294,2.364300669074216,18.304850831105366,0.5778401122019636
10.69319350227387,2.3711895997099908,18.06942119839148,0.5806451612903226
10.707944664392704,2.3720925495151857,17.833796390142883,0.61781206171108
10.733755605634805,2.370223097275313,17.59817329396038,0.5778401122019635
10.771485881848038,2.371744877156096,17.36256389430663,0.5757363253856944
10.822932724420529,2.3747754434363753,17.127647881420934,0.5743338008415149
10.877181548229007,2.374754716307693,16.895904327007365,0.6107994389901824
10.932518219551403,2.3780998763040446,16.667067860821355,0.5792426367461431
10.98145391215627,2.383517485610296,16.43857894405242,0.6115007012622723
11.022582858241842,2.3889458810559723,16.20947025935747,0.6115007012622723
11.065372701941726,2.40288491740303,15.979692156819777,0.5750350631136046
11.103605339211857,2.422434471695351,15.749499734287344,0.6143057503506312
11.141318096365577,2.458690671319458,15.51929875142444,0.6136044880785414
11.171855988159137,2.5167607484610515,15.28954290574597,0.5834502103786818
11.189344790178025,2.5879551139347075,15.063745356876755,0.615007012622721
11.206132875501488,2.661784645243148,14.843500038350282,0.6143057503506313
11.222684977551838,2.7361601826194137,14.62549410227472,0.6563814866760167
11.245833949111292,2.8178333625236505,14.40749672652963,0.6157082748948107
11.27276959536067,2.896862916562591,14.18796020336606,0.6556802244039271
11.310401149547753,2.9860075153799115,13.974642760288834,0.6143057503506312
11.345277398826482,3.0643611293114557,13.77553546579155,0.7005610098176719
11.381496946469904,3.153964607800708,13.552030373422161,0.6157082748948107
11.40713997079406,3.223820315254166,13.338495497951001,0.6556802244039271
11.42839734486136,3.2855474172091568,13.113416160808207,0.6185133239831697
11.447876249228218,3.3408566825353514,12.88887098828673,0.6143057503506312
11.470493606158687,3.393526319953159,12.664250484857119,0.6136044880785414
11.488321334035742,3.448262393203563,12.434763433555402,0.6143057503506313
11.496752751328875,3.5052984294495944,12.210463942518409,0.6164095371669005
11.495607929882482,3.5677903074645267,11.98667464717742,0.615007012622721
11.493015032377071,3.6289551244272933,11.760896787068287,0.6164095371669005
11.487184449353244,3.696054066892419,11.53288553673957,0.5827489481065918
11.484780865801326,3.76128993674525,11.308145188683381,0.6157082748948107
11.478215871486583,3.8359129171268758,11.085292393495793,0.6164095371669005
11.472856185165506,3.9151071138075824,10.867969571791726,0.6549789621318374
11.471186207807659,4.00866577501634,10.64783896169355,0.6143057503506312
11.476219978383652,4.099800459887996,10.43494268687544,0.664796633941094
11.495096680328713,4.191727876389166,10.223547037988693,0.6563814866760169
11.52706443360528,4.28968107130123,10.012623919343882,0.6535764375876578
11.572454809230793,4.392514037403455,9.80718026823282,0.661991584852735
11.612798252324234,4.490680673922679,9.600347275486502,0.7082748948106593
11.656673830646268,4.594901259108835,9.390460812861589,0.6598877980364657
11.694493522494156,4.70031814115093,9.179654970744215,0.6605890603085554
11.729313108909118,4.808101577111774,8.969006638707487,0.6178120617110799
11.758009053561656,4.909113201848481,8.758274415432155,0.6577840112201965
11.785499609887818,5.015432582358119,8.547980481076877,0.6570827489481067
11.80693987807413,5.111800480764355,8.339728185538657,0.7110799438990183
11.817045367366417,5.220221436172624,8.127570667240095,0.6150070126227211
11.821315575459943,5.320460472886121,7.91346652979269,0.6563814866760168
11.820771931704273,5.423958447101272,7.700919516457749,0.6584852734922861
11.828044973954349,5.5252124594348695,7.4869497761987205,0.6591865357643759
11.844114134071818,5.620643447547998,7.2736023719648495,0.6591865357643758
11.871460995206155,5.7152105650832965,7.055634101343356,0.6213183730715288
11.909294817606728,5.805200196309756,6.830547059903139,0.6164095371669004
11.962541368274174,5.895667816930652,6.6093399882483785,0.6143057503506312
12.030544636843812,5.987802545240954,6.3915852978721075,0.6598877980364657
12.111579033969676,6.077505067577762,6.191399401735625,0.6577840112201964
12.203284480436935,6.162442239453815,5.985130534767269,0.70617110799439
12.298616597991058,6.2402629282238555,5.817559925737422,0.8120617110799442
12.438526805555005,6.34243347725242,5.603631703081172,0.6584852734922862
12.566532114338028,6.4280222456020315,5.435470003232381,0.7573632538569426
12.695331289582064,6.507783296617454,5.272587031167821,0.7244039270687238
12.837163037742695,6.5897385838811235,5.0975710747118255,0.6872370266479665
12.959742672554196,6.656815498393011,4.920371377952972,0.7166900420757363
13.09138580402905,6.724944800813277,4.734741895763938,0.6767180925666197
13.2277830662327,6.799541572753174,4.550785530165236,0.644460028050491
13.34084328617411,6.865036791663329,4.366853989524895,0.6570827489481066
13.443368263764768,6.9289024817180405,4.173825813710773,0.6598877980364656
13.547912147489008,6.998641436404741,3.971683454045407,0.6002805049088359
13.642490315628963,7.073172098567811,3.7595708774818113,0.6136044880785415
13.731899827547528,7.161639553044142,3.5463362556018807,0.5988779803646566
13.80838078871265,7.2557775521656325,3.3450664076196532,0.5967741935483871
13.875694137298284,7.360222132835655,3.148879897878682,0.5876577840112204
13.939560678444822,7.485388743921945,2.9492844505363562,0.5610098176718094
13.98023409400688,7.614075647601467,2.7498865328196223,0.591164095371669
14.015132620620255,7.756218896617874,2.550347369650136,0.5981767180925667
14.03627286009007,7.900229060489092,2.365056876547708,0.6072931276297335
14.054769412980713,8.052241244640818,2.1909162138822538,0.5813464235624125
14.066651360834749,8.212564586222637,2.0074848105496144,0.6065918653576438
14.0826443450855,8.372565070911232,1.821355833077665,0.5918653576437588
14.089778397234266,8.551293664934347,1.629831172306441,0.5546984572230015
14.08978388925923,8.726647801288191,1.4361452420998424,0.5504908835904628
14.082384996902247,8.89559101364553,1.2410938321791727,0.5266479663394109
14.069233575193453,9.044415832206376,1.050845088664479,0.5483870967741937
14.055703821418074,9.18029895176528,0.8882612466477747,0.5553997194950911
14.038466526624768,9.300278936204498,0.7273725105702962,0.5904628330995794
14.018783056563615,9.44653714733391,0.5418415791857962,0.506311360448808
13.999071013020576,9.610758481430448,0.34976691718188446,0.4396914446002806
13.989101561498636,9.755025064830601,0.17152798292847538,0.4698457223001403
